   9   102
   9    53
   9    50
   8   47
   8   43
   8   41
   8   40
   8   39
   8   106
   8    78
   8    77
   8    73
   8    67
   7   78
   7   59
   7   44
   7   145
   7   136
   7   103
   7    90
   7    80
   7    69
   7    66
   7    62
   7    48
   6   69
   6   65
   6   52
   6   42
   6   21
   6   135
   6   132
   6   129
   6   125
   6   101
   6    89
   6    87
   6    74
   6    68
   6    52
   5   88
   5   82
   5   73
   5   62
   5   56
   5   51
   5   38
   5   20
   5   158
   5   139
   5   133
   5   131
   5   128
   5   124
   5   112
   5   111
   5   107
   5    98
   5    92
   5    75
   5    72
   5    65
   5    51
   5    49
   5    46
   4   83
   4   79
   4   77
   4   72
   4   66
   4   58
   4   53
   4   37
   4   31
   4   28
   4   19
   4   154
   4   15
   4   148
   4   146
   4   143
   4   134
   4   123
   4   122
   4   120
   4   119
   4   118
   4   117
   4   114
   4   110
   4   11
   4   105
   4   104
   4   100
   4   10
   4    96
   4    94
   4    93
   4    88
   4    81
   4    79
   4    76
   4    58
   3   96
   3   93
   3   81
   3   75
   3   74
   3   61
   3   60
   3   55
   3   49
   3   48
   3   46
   3   32
   3   26
   3   22
   3   18
   3   156
   3   153
   3   150
   3   144
   3   140
   3   138
   3   137
   3   121
   3    97
   3    86
   3    64
   3    63
   3    45
   2   95
   2   86
   2   68
   2   63
   2   45
   2   30
   2   29
   2   27
   2   23
   2   188
   2   180
   2   178
   2   176
   2   173
   2   168
   2   155
   2   147
   2   127
   2   12
   2   116
   2   115
   2   108
   2    99
   2    95
   2    9
   2    84
   2    8
   2    70
   2    7
   2    61
   2    60
   2    59
   2    55
   2    47
   2    43
   2    39
   2    37
   2    32
   2    30
   2    28
   2    21
   2    15
   2    14
   2    13
   2    12
   1 /Users/macuser/work_local/2025/12_kodomokai/frontend/app/auth/auth-code-error/page.tsx
   1 ✖ 779 problems (779 errors, 0 warnings)
   1   99
   1   98
   1   94
   1   92
   1   90
   1   89
   1   85
   1   71
   1   70
   1   57
   1   54
   1   24
   1   200
   1   196
   1   192
   1   189
   1   172
   1   171
   1   167
   1   166
   1   161
   1   160
   1   159
   1   157
   1   152
   1   151
   1   142
   1   130
   1   126
   1   113
   1   109
   1    85
   1    82
   1    71
   1    54
   1    44
   1    38
   1    35
   1    34
   1    33
   1    31
   1    27
   1    26
   1    25
   1    23
   1    22
   1    20
